ai,5,0.260671854019,0.1847012043,0.0404864314588
al,6,0.211180051168,0.201748728752,0.00297670320701
am,3,0.190310239792,0.193907499313,0.00198674120116
an,19,0.531380201641,0.160378694534,2.52088751601
ap,6,0.229513049126,0.224677324295,0.00104362044771
ar,12,0.196258405844,0.19446349144,0.00104653096363
as,17,0.169361310847,0.151102304459,0.0137442806144
at,15,0.217292737961,0.201084136963,0.00661151907416
be,4,0.171634018421,0.166895627975,0.0032904186818
bi,3,0.189667145411,0.181499242783,0.000536160638963
bo,3,0.326126495997,0.21489071846,0.0420665122479
bu,4,0.144691288471,0.148725986481,0.000868602864495
ca,3,0.148798306783,0.140685081482,0.00209300019067
ch,6,0.144000132879,0.14696252346,0.000398836930632
ck,3,0.136863390605,0.147501468658,0.000437519894168
co,5,0.138540315628,0.139315843582,0.000127950218695
de,13,0.215704202652,0.201987028122,0.00477674177921
dn,3,0.482719182968,0.576837062836,0.0362137897874
ea,8,0.218098104,0.19341146946,0.0118810269365
ed,8,0.343200176954,0.255266070366,0.0597400155166
ee,7,0.177512271064,0.177013158798,0.000680465863029
el,6,0.233561237653,0.167004585266,0.0323489109038
en,10,0.222141814232,0.207220554352,0.0088216700925
ep,4,0.163477778435,0.137166857719,0.00396551191725
er,23,0.138170667317,0.137310743332,0.000659871715682
es,6,0.223331491152,0.164132595062,0.0196386743119
et,3,0.205457925797,0.193784713745,0.000446346060187
ev,3,0.277847369512,0.16724562645,0.0379070296134
fe,6,0.153980930646,0.147686004639,0.00300370778192
ga,7,0.309799909592,0.185648918152,0.0514727853545
gh,4,0.152493476868,0.153644919395,2.24576019339e-05
go,6,0.318684339523,0.215604662895,0.083099795484
gr,3,0.174367984136,0.168368577957,0.0025237484493
ha,8,0.268113851547,0.117625355721,0.171888137856
he,46,0.148557372715,0.13258254528,0.00401099172067
hi,7,0.176049028124,0.142387628555,0.00749726754995
ho,4,0.265329658985,0.220803976059,0.00975018213044
ht,4,0.110059738159,0.106878876686,0.000291641615945
id,5,0.191831350327,0.155682325363,0.0109775792991
ig,3,0.121663649877,0.137978553772,0.0010045984857
im,4,0.203374385834,0.160930991173,0.00898492623473
in,18,0.198156476021,0.149559855461,0.0440775772779
ir,7,0.194889341082,0.132935523987,0.0176392354182
is,5,0.160154914856,0.12304854393,0.00556657888565
it,7,1.04708174297,0.130495548248,5.94050689971
ki,4,0.194089233875,0.191507577896,0.000219534859653
ld,6,0.16043416659,0.166498184204,0.00133624076467
le,13,0.152318991148,0.140255212784,0.000899826429767
ll,6,0.160456697146,0.155777573586,0.000318494404642
me,6,0.134941140811,0.135816454887,0.000389612044715
mo,4,0.11367803812,0.113058567047,0.000119704122213
nd,15,0.152387301127,0.136429071426,0.00278733333675
ne,11,0.166328321804,0.13521528244,0.00719962270568
ng,14,0.26457636697,0.157134771347,0.0952121271512
ni,6,0.131506721179,0.121081352234,0.000574244935988
no,5,0.288128948212,0.161538362503,0.0815157273747
of,6,0.152022441228,0.148603200912,0.00109436940119
ol,4,0.188819229603,0.189588546753,6.16401902628e-05
om,4,0.166126191616,0.161669611931,0.000116804414437
on,13,0.182833873309,0.187569141388,0.00117593334266
oo,3,0.145088275274,0.14156961441,8.6409766728e-05
or,9,0.154409858916,0.138278007507,0.00268245005287
ot,4,0.143657505512,0.142659068108,0.000811054542713
ou,8,0.140689790249,0.140039086342,0.000460132566409
ow,4,0.249344527721,0.239788770676,0.0137484715097
pe,3,0.426356633504,0.169969081879,0.205061020543
pl,5,0.167888641357,0.167989730835,8.86556127e-05
pp,7,0.196747507368,0.146016836166,0.019859301628
rd,13,0.527796121744,0.231678724289,0.469015909485
re,13,0.167028335425,0.153738021851,0.00309684381454
rn,3,0.152836879094,0.144051551819,0.00106777182295
ro,7,0.170771394457,0.156596660614,0.00363882248813
ry,3,0.160116910934,0.161902427673,2.50568537581e-05
se,6,0.190276900927,0.167551159859,0.00614994473243
sl,3,0.209220647812,0.167920589447,0.00800212051109
so,3,0.424111763636,0.237677097321,0.151422545803
st,7,0.190706321171,0.177844762802,0.00409666148973
tc,5,0.1594414711,0.148758172989,0.00122106162215
th,49,0.153212352675,0.138049840927,0.00889543370635
to,12,0.184683322906,0.151883721352,0.0100625357498
tr,4,0.257091343403,0.26169359684,0.0239716999033
ul,3,0.200742085775,0.201061010361,2.58813177159e-05
un,6,0.200205961863,0.201105833054,0.00195782641701
us,3,0.125812530518,0.121756315231,0.00031622586215
ut,8,0.973911881447,0.174820065498,5.22374660748
ve,7,0.132935830525,0.115134000778,0.00195902133267
wa,17,0.185887743445,0.178150892258,0.000815892292549
we,5,0.193120193481,0.187625408173,0.000618429452271
wh,3,0.196915626526,0.181571483612,0.00126342682438
all,4,0.351754963398,0.323176860809,0.00486104674248
and,11,0.321574384516,0.298736095428,0.00453069613404
app,6,0.373043100039,0.370231747627,0.00120764680149
ard,7,0.799915790558,0.438873529434,0.621493517585
atc,5,0.417965745926,0.395666122437,0.0100615256366
ath,3,0.368713696798,0.344022035599,0.0022094170928
bir,3,0.316652218501,0.314434766769,0.000836290011894
but,4,1.914922297,0.301229953766,10.6333843613
den,6,0.447273254395,0.43332028389,0.00929056830703
der,5,0.341806697845,0.341055631638,0.00366124945422
eat,3,0.501722017924,0.407512187958,0.0357842279898
eep,3,0.287363052368,0.280367612839,0.0002253506172
ene,4,0.463309288025,0.365600705147,0.0727091961939
ere,5,0.30536904335,0.280471801758,0.00279310146952
ery,3,0.286329428355,0.290365457535,0.000234279517504
eve,3,0.429581165314,0.281953573227,0.0699871582975
fea,4,0.399629771709,0.38659965992,0.0169209262895
gar,6,0.475608547529,0.364593744278,0.0525028466093
ght,4,0.262553215027,0.258220911026,0.000356762558037
gol,3,0.642096201579,0.437967061996,0.149960326533
hat,3,0.249416748683,0.225164890289,0.0017982006623
her,6,0.289490739504,0.272321224213,0.00422301825657
him,3,0.361315409342,0.343870401382,0.0108873619039
igh,3,0.273170948029,0.287950515747,0.000741518294717
ing,12,0.429721494516,0.309115886688,0.102593140758
ird,4,0.713140845299,0.341685414314,0.596310250914
kin,4,0.348528623581,0.333411693573,0.00127843831782
lde,3,0.423455317815,0.406235456467,0.00741323138216
les,4,0.305060386658,0.28613448143,0.00407178901438
mor,4,0.256431102753,0.263244152069,0.000439161107352
ner,4,0.356698274612,0.31892311573,0.0224408000472
nig,3,0.259277582169,0.262509822845,0.00360426757931
nin,3,0.269153992335,0.265539884567,0.00183331477191
not,3,0.505576451619,0.326671123505,0.126793845996
old,3,0.336876074473,0.317887306213,0.00241064914333
one,6,0.321611563365,0.335505723953,0.00239958744182
orn,3,0.295507828395,0.309419631958,0.000761338491789
oun,3,0.370299339294,0.367569208145,0.000334786713609
ple,5,0.302942705154,0.294828653336,0.00101861748474
ppl,5,0.310071468353,0.308464288712,8.67084987419e-05
rde,7,0.723377466202,0.377607584,0.671515494116
red,3,0.494083484014,0.450527429581,0.0191179722174
ree,4,0.409021317959,0.41185259819,0.000711932283418
rni,3,0.27823638916,0.285649299622,0.00107224866679
row,3,0.418980201085,0.429381608963,0.0203917871626
sle,3,0.360642671585,0.331806659698,0.00582583541512
tch,5,0.301056671143,0.278549671173,0.00219135376913
tha,4,0.238665282726,0.240221858025,0.000177945290503
the,40,0.298625552654,0.267714381218,0.013028525627
tre,3,0.530066808065,0.581528425217,0.0221149840533
und,3,0.346564292908,0.345951318741,0.000192159713549
ver,4,0.272842824459,0.245816588402,0.00430583627763
was,10,0.323878574371,0.319345831871,0.00196617080035
wat,5,0.445007705688,0.379235029221,0.0239863196398
appl,5,0.5404088974,0.533323049545,0.0012888256165
arde,5,1.06170639992,0.639406919479,0.900222425912
atch,5,0.559580945969,0.525457620621,0.0104856358054
athe,3,0.522116978963,0.491702795029,0.00361780839002
bird,3,0.516950209936,0.534555912018,0.00167389775085
eath,3,0.663690487544,0.564373493195,0.0421720394255
ener,3,0.678229173024,0.599411964417,0.0934547886996
ered,3,0.627977530162,0.574791669846,0.0229431770932
ever,3,0.564944346746,0.424351930618,0.0710277995054
feat,3,0.652926921844,0.648021221161,0.0232902011323
gard,6,1.05384643873,0.738201498985,0.691668223934
gold,3,0.792854706446,0.613076686859,0.126650817247
ight,3,0.375404198964,0.382758378983,0.000684768665243
king,4,0.646171569824,0.611772894859,0.0114353516576
lden,3,0.630884250005,0.639451742172,0.000444760826288
morn,3,0.404965639114,0.41563129425,0.000375398980225
nigh,3,0.41078488032,0.414347648621,0.00300167705344
ning,3,0.768410364787,0.412778615952,0.410571815563
orni,3,0.42090733846,0.43100643158,0.00131269037987
ples,4,0.472923755646,0.455202817917,0.00541072411121
pple,5,0.44512553215,0.433591127396,0.00108876564387
rden,3,1.35977872213,0.812376499176,1.41096477796
rder,3,0.542675177256,0.526412725449,0.00308397089613
rnin,3,0.421990871429,0.417266607285,0.0011297800234
that,3,0.383020957311,0.373572587967,0.00204449863795
ther,6,0.436650673548,0.425005555153,0.00601402883489
tree,3,0.714579025904,0.776970863342,0.0236295900164
very,3,0.438205242157,0.398511886597,0.00658513653224
watc,5,0.604449176788,0.571005821228,0.0193353664482
