ai,5,0.26067185401916504,0.18470120429992676,0.04048643145884512
al,6,0.211180051167806,0.20174872875213623,0.0029767032070064188
am,3,0.19031023979187012,0.1939074993133545,0.001986741201164932
an,19,0.531380201640882,0.16037869453430176,2.5208875160102657
ap,6,0.2295130491256714,0.22467732429504395,0.0010436204477116463
ar,12,0.19625840584437051,0.19446349143981934,0.0010465309636263135
as,17,0.16936131084666534,0.15110230445861816,0.01374428061442668
at,15,0.21729273796081544,0.20108413696289062,0.006611519074155175
be,4,0.1716340184211731,0.16689562797546387,0.0032904186818001335
bi,3,0.1896671454111735,0.18149924278259277,0.0005361606389631864
bo,3,0.326126495997111,0.214890718460083,0.042066512247875686
bu,4,0.14469128847122192,0.1487259864807129,0.0008686028644954528
ca,3,0.14879830678304037,0.1406850814819336,0.0020930001906738953
ch,6,0.14400013287862143,0.14696252346038818,0.00039883693063226625
ck,3,0.13686339060465494,0.14750146865844727,0.0004375198941678112
co,5,0.13854031562805175,0.13931584358215332,0.0001279502186946502
de,13,0.21570420265197754,0.20198702812194824,0.00477674177921017
dn,3,0.48271918296813965,0.5768370628356934,0.03621378978738221
ea,8,0.21809810400009155,0.1934114694595337,0.011881026936468484
ed,8,0.3432001769542694,0.25526607036590576,0.05974001551657234
ee,7,0.17751227106366838,0.17701315879821777,0.0006804658630293099
el,6,0.23356123765309653,0.16700458526611328,0.03234891090379316
en,10,0.22214181423187257,0.20722055435180664,0.008821670092503887
ep,4,0.16347777843475342,0.1371668577194214,0.003965511917253177
er,23,0.13817066731660263,0.13731074333190918,0.0006598717156818634
es,6,0.22333149115244547,0.16413259506225586,0.019638674311918677
et,3,0.2054579257965088,0.1937847137451172,0.0004463460601868974
ev,3,0.2778473695119222,0.16724562644958496,0.03790702961335531
fe,6,0.1539809306462606,0.14768600463867188,0.0030037077819182892
ga,7,0.3097999095916748,0.18564891815185547,0.05147278535446276
gh,4,0.15249347686767578,0.15364491939544678,2.245760193394138e-05
go,6,0.31868433952331543,0.21560466289520264,0.08309979548398587
gr,3,0.17436798413594565,0.16836857795715332,0.0025237484492966664
ha,8,0.2681138515472412,0.11762535572052002,0.17188813785578208
he,46,0.1485573727151622,0.13258254528045654,0.004010991720668832
hi,7,0.17604902812412807,0.14238762855529785,0.007497267549949594
ho,4,0.26532965898513794,0.22080397605895996,0.009750182130436732
ht,4,0.11005973815917969,0.10687887668609619,0.00029164161594508187
id,5,0.19183135032653809,0.15568232536315918,0.010977579299066065
ig,3,0.12166364987691243,0.13797855377197266,0.001004598485697746
im,4,0.20337438583374023,0.16093099117279053,0.008984926234726723
in,18,0.198156476020813,0.1495598554611206,0.04407757727788501
ir,7,0.19488934108189174,0.1329355239868164,0.01763923541819525
is,5,0.16015491485595704,0.12304854393005371,0.005566578885651551
it,7,1.047081742967878,0.13049554824829102,5.940506899711398
ki,4,0.19408923387527466,0.19150757789611816,0.00021953485965298114
ld,6,0.1604341665903727,0.16649818420410156,0.0013362407646733724
le,13,0.15231899114755484,0.14025521278381348,0.0008998264297668485
ll,6,0.1604566971460978,0.15577757358551025,0.00031849440464194837
me,6,0.1349411408106486,0.13581645488739014,0.00038961204471471924
mo,4,0.11367803812026978,0.11305856704711914,0.00011970412221273818
nd,15,0.15238730112711588,0.1364290714263916,0.0027873333367524756
ne,11,0.16632832180369983,0.13521528244018555,0.007199622705677071
ng,14,0.2645763669695173,0.1571347713470459,0.09521212715118392
ni,6,0.13150672117869058,0.12108135223388672,0.0005742449359881144
no,5,0.2881289482116699,0.16153836250305176,0.08151572737473885
of,6,0.1520224412282308,0.14860320091247559,0.0010943694011909125
ol,4,0.18881922960281372,0.1895885467529297,6.164019026281646e-05
om,4,0.16612619161605835,0.16166961193084717,0.0001168044144369181
on,13,0.1828338733086219,0.18756914138793945,0.0011759333426638455
oo,3,0.14508827527364096,0.1415696144104004,8.64097667279869e-05
or,9,0.1544098589155409,0.13827800750732422,0.002682450052865369
ot,4,0.14365750551223755,0.14265906810760498,0.000811054542713426
ou,8,0.14068979024887085,0.1400390863418579,0.00046013256640873933
ow,4,0.24934452772140503,0.23978877067565918,0.013748471509733426
pe,3,0.42635663350423175,0.1699690818786621,0.20506102054294692
pl,5,0.16788864135742188,0.16798973083496094,8.865561269999489e-05
pp,7,0.1967475073678153,0.14601683616638184,0.019859301628029933
rd,13,0.5277961217440091,0.23167872428894043,0.4690159094846208
re,13,0.16702833542456993,0.15373802185058594,0.0030968438145420737
rn,3,0.15283687909444174,0.14405155181884766,0.0010677718229506656
ro,7,0.17077139445713588,0.15659666061401367,0.003638822488131241
ry,3,0.16011691093444824,0.16190242767333984,2.5056853758087527e-05
se,6,0.19027690092722574,0.1675511598587036,0.0061499447324289734
sl,3,0.20922064781188965,0.16792058944702148,0.008002120511093835
so,3,0.4241117636362712,0.23767709732055664,0.1514225458027075
st,7,0.19070632117135183,0.17784476280212402,0.004096661489725085
tc,5,0.15944147109985352,0.1487581729888916,0.0012210616221466353
th,49,0.15321235267483457,0.13804984092712402,0.008895433706346679
to,12,0.18468332290649414,0.15188372135162354,0.010062535749770259
tr,4,0.25709134340286255,0.2616935968399048,0.023971699903251913
ul,3,0.2007420857747396,0.20106101036071777,2.5881317715933015e-05
un,6,0.20020596186319986,0.20110583305358887,0.001957826417007406
us,3,0.12581253051757812,0.12175631523132324,0.00031622586215007686
ut,8,0.9739118814468384,0.17482006549835205,5.2237466074839505
ve,7,0.13293583052498953,0.11513400077819824,0.0019590213326658892
wa,17,0.18588774344500372,0.17815089225769043,0.0008158922925486302
we,5,0.19312019348144532,0.18762540817260742,0.0006184294522711298
wh,3,0.1969156265258789,0.18157148361206055,0.0012634268243800761
all,4,0.35175496339797974,0.32317686080932617,0.00486104674247656
and,11,0.32157438451593573,0.2987360954284668,0.0045306961340439884
app,6,0.37304310003916424,0.3702317476272583,0.0012076468014906065
ard,7,0.7999157905578613,0.4388735294342041,0.6214935175854256
atc,5,0.4179657459259033,0.39566612243652344,0.010061525636604073
ath,3,0.3687136967976888,0.3440220355987549,0.0022094170928047183
bir,3,0.31665221850077313,0.3144347667694092,0.0008362900118944102
but,4,1.914922297000885,0.30122995376586914,10.633384361307714
den,6,0.44727325439453125,0.4333202838897705,0.00929056830702848
der,5,0.341806697845459,0.34105563163757324,0.0036612494542225707
eat,3,0.5017220179239908,0.40751218795776367,0.03578422798979849
eep,3,0.28736305236816406,0.2803676128387451,0.00022535061719963778
ene,4,0.46330928802490234,0.36560070514678955,0.0727091961939171
ere,5,0.30536904335021975,0.2804718017578125,0.0027931014695241176
ery,3,0.2863294283548991,0.29036545753479004,0.0002342795175043951
eve,3,0.4295811653137207,0.2819535732269287,0.06998715829746516
fea,4,0.39962977170944214,0.38659965991973877,0.0169209262895104
gar,6,0.4756085475285848,0.3645937442779541,0.05250284660929575
ght,4,0.26255321502685547,0.258220911026001,0.00035676255803688645
gol,3,0.642096201578776,0.43796706199645996,0.14996032653256938
hat,3,0.24941674868265787,0.22516489028930664,0.0017982006622977071
her,6,0.2894907395044963,0.2723212242126465,0.004223018256571246
him,3,0.36131540934244794,0.3438704013824463,0.010887361903902123
igh,3,0.27317094802856445,0.2879505157470703,0.0007415182947170251
ing,12,0.4297214945157369,0.3091158866882324,0.10259314075807383
ird,4,0.7131408452987671,0.34168541431427,0.5963102509135183
kin,4,0.3485286235809326,0.33341169357299805,0.001278438317816229
lde,3,0.42345531781514484,0.4062354564666748,0.007413231382164062
les,4,0.30506038665771484,0.2861344814300537,0.004071789014384801
mor,4,0.25643110275268555,0.2632441520690918,0.0004391611073515378
ner,4,0.35669827461242676,0.31892311573028564,0.022440800047168825
nig,3,0.2592775821685791,0.262509822845459,0.0036042675793055423
nin,3,0.26915399233500165,0.26553988456726074,0.0018333147719052552
not,3,0.5055764516194662,0.32667112350463867,0.12679384599603813
old,3,0.33687607447306317,0.3178873062133789,0.002410649143333406
one,6,0.32161156336466473,0.33550572395324707,0.002399587441815735
orn,3,0.29550782839457196,0.3094196319580078,0.0007613384917893503
oun,3,0.3702993392944336,0.3675692081451416,0.00033478671360853696
ple,5,0.30294270515441896,0.2948286533355713,0.001018617484743345
ppl,5,0.3100714683532715,0.30846428871154785,8.670849874192754e-05
rde,7,0.7233774662017822,0.3776075839996338,0.6715154941159085
red,3,0.4940834840138753,0.4505274295806885,0.01911797221744867
ree,4,0.4090213179588318,0.4118525981903076,0.0007119322834180745
rni,3,0.27823638916015625,0.28564929962158203,0.0010722486667873454
row,3,0.4189802010854085,0.4293816089630127,0.020391787162585235
sle,3,0.360642671585083,0.33180665969848633,0.005825835415123493
tch,5,0.3010566711425781,0.2785496711730957,0.002191353769131865
tha,4,0.23866528272628784,0.24022185802459717,0.00017794529050263463
the,40,0.2986255526542664,0.26771438121795654,0.013028525627047663
tre,3,0.5300668080647787,0.5815284252166748,0.022114984053265136
und,3,0.34656429290771484,0.3459513187408447,0.00019215971354924477
ver,4,0.2728428244590759,0.24581658840179443,0.004305836277633072
was,10,0.3238785743713379,0.3193458318710327,0.001966170800349371
wat,5,0.4450077056884766,0.37923502922058105,0.02398631963983462
appl,5,0.5404088973999024,0.5333230495452881,0.0012888256164956147
arde,5,1.0617063999176026,0.6394069194793701,0.9002224259121931
atch,5,0.559580945968628,0.5254576206207275,0.010485635805440551
athe,3,0.5221169789632162,0.4917027950286865,0.003617808390022977
bird,3,0.5169502099355062,0.5345559120178223,0.001673897750852878
eath,3,0.6636904875437418,0.5643734931945801,0.042172039425527906
ener,3,0.6782291730244955,0.5994119644165039,0.09345478869956499
ered,3,0.6279775301615397,0.574791669845581,0.02294317709324408
ever,3,0.564944346745809,0.42435193061828613,0.07102779950539191
feat,3,0.6529269218444824,0.6480212211608887,0.02329020113234037
gard,6,1.0538464387257893,0.7382014989852905,0.6916682239344633
gold,3,0.7928547064463297,0.6130766868591309,0.1266508172469874
ight,3,0.37540419896443683,0.38275837898254395,0.0006847686652425485
king,4,0.6461715698242188,0.611772894859314,0.011435351657572332
lden,3,0.6308842500050863,0.6394517421722412,0.0004447608262883781
morn,3,0.4049656391143799,0.4156312942504883,0.0003753989802248725
nigh,3,0.41078488032023114,0.41434764862060547,0.0030016770534378643
ning,3,0.7684103647867838,0.4127786159515381,0.41057181556313554
orni,3,0.42090733846028644,0.43100643157958984,0.0013126903798668839
ples,4,0.47292375564575195,0.4552028179168701,0.00541072411120543
pple,5,0.44512553215026857,0.4335911273956299,0.001088765643868328
rden,3,1.3597787221272786,0.8123764991760254,1.410964777958289
rder,3,0.5426751772562662,0.5264127254486084,0.0030839708961328447
rnin,3,0.42199087142944336,0.4172666072845459,0.0011297800234046917
that,3,0.38302095731099445,0.37357258796691895,0.00204449863794783
ther,6,0.43665067354838055,0.42500555515289307,0.006014028834889966
tree,3,0.7145790259043375,0.7769708633422852,0.02362959001643124
very,3,0.4382052421569824,0.3985118865966797,0.006585136532237357
watc,5,0.6044491767883301,0.5710058212280273,0.019335366448177637
