1515179749.2043116
1515179749.5841377
1515179749.8122675
1515179750.095719
1515179750.7608237
1515179751.4635382
1515179751.679744
1515179751.8113747
1515179751.9616039
1515179752.2327907
1515179752.4460413
1515179752.6584432
1515179752.792098
1515179752.9543388
1515179754.1760435
1515179760.8489194
1515179768.8472505
1515179776.7011666
1515179783.398457
1515179783.564953
1515179783.73106
1515179783.85294
1515179784.3854084
1515179784.562159
1515179784.770632
1515179784.9306192
1515179785.130778
1515179785.2825985
1515179785.5460277
1515179786.1002362
1515179786.2759
1515179786.4412746
1515179786.746919
1515179786.9684873
1515179787.074713
1515179787.1808372
1515179787.3988981
