1515178997.7872653
1515178998.15364
1515178998.3046498
1515178998.5362988
1515178998.8125446
1515178999.1359973
1515178999.7591348
1515178999.9502044
1515179000.0918102
1515179000.7542696
1515179000.9196856
1515179001.2092345
1515179001.55143
1515179001.7871346
1515179001.9869442
1515179002.5120609
1515179002.732804
1515179003.0525873
1515179003.2520115
1515179003.4333696
1515179003.6065319
1515179003.8538737
1515179004.1344552
1515179004.2414546
1515179004.465974
1515179004.6089828
1515179004.8353407
1515179004.9907346
1515179005.3982112
1515179005.6327195
1515179005.815609
1515179006.4977896
1515179006.7777426
1515179007.4079292
1515179007.8993125
1515179008.1563082
1515179008.3245423
1515179008.6955283
1515179008.9390292
1515179009.1663024
1515179009.5747156
1515179009.9068797
1515179010.1093516
1515179010.387442
1515179010.6055336
1515179010.8190644
1515179011.046996
1515179011.3915226
1515179011.637362
1515179011.8095212
1515179011.9423718
1515179012.089583
1515179012.2377996
1515179012.407727
1515179012.6247294
1515179012.805833
1515179013.1928158
1515179013.370528
1515179013.4809947
1515179013.5898492
1515179013.7192152
1515179013.9197338
1515179014.0821414
1515179014.2539067
1515179014.5384588
1515179014.7616174
1515179014.9419248
1515179015.1087918
1515179015.2398357
1515179015.5116868
1515179015.655462
1515179015.825472
1515179015.9614835
1515179016.1131902
1515179016.2577534
1515179016.4080415
1515179016.6004827
1515179016.774438
1515179017.172944
1515179017.2842374
1515179017.3747466
1515179017.570688
1515179017.8128061
1515179018.0049863
1515179018.1537435
1515179018.5677156
1515179018.849093
1515179019.0187287
1515179019.2082362
1515179019.3014202
1515179019.7160788
1515179020.304965
1515179020.427963
1515179020.6125162
1515179020.7711585
1515179021.014404
1515179021.7809117
1515179021.8522136
1515179022.0934756
1515179022.208007
1515179022.4239511
1515179022.6172168
1515179022.8943946
1515179023.0435321
1515179023.2069597
1515179023.4234748
1515179023.7316363
1515179023.8933356
1515179024.1281056
1515179024.8437824
1515179025.7524228
1515179042.7633839
1515179054.9214804
1515179070.569877
1515179100.1557467
